{
 "cells": [
  {
   "cell_type": "code",
   "execution_count": 1,
   "metadata": {},
   "outputs": [],
   "source": [
    "import numpy as np\n",
    "import pandas as pd\n",
    "from sklearn.model_selection import train_test_split\n",
    "from sklearn.linear_model import LinearRegression,Ridge,ElasticNet,Lasso"
   ]
  },
  {
   "cell_type": "code",
   "execution_count": 2,
   "metadata": {},
   "outputs": [],
   "source": [
    "df=pd.read_csv('Cleaned_Algerian_Forest_Fire_dataset_index.csv')\n",
    "X=df.drop('FWI',axis=1)\n",
    "y=df['FWI']"
   ]
  },
  {
   "cell_type": "code",
   "execution_count": 10,
   "metadata": {},
   "outputs": [
    {
     "data": {
      "text/plain": [
       "(243, 11)"
      ]
     },
     "execution_count": 10,
     "metadata": {},
     "output_type": "execute_result"
    }
   ],
   "source": [
    "X.shape"
   ]
  },
  {
   "cell_type": "code",
   "execution_count": 11,
   "metadata": {},
   "outputs": [
    {
     "data": {
      "text/plain": [
       "(243,)"
      ]
     },
     "execution_count": 11,
     "metadata": {},
     "output_type": "execute_result"
    }
   ],
   "source": [
    "y.shape"
   ]
  },
  {
   "cell_type": "code",
   "execution_count": 12,
   "metadata": {},
   "outputs": [],
   "source": [
    "x_train,x_test,y_train,y_test=train_test_split(X,y,test_size=0.25,random_state=42)"
   ]
  },
  {
   "cell_type": "code",
   "execution_count": 14,
   "metadata": {},
   "outputs": [
    {
     "data": {
      "text/plain": [
       "((182, 11), (61, 11))"
      ]
     },
     "execution_count": 14,
     "metadata": {},
     "output_type": "execute_result"
    }
   ],
   "source": [
    "x_train.shape,x_test.shape"
   ]
  },
  {
   "cell_type": "code",
   "execution_count": 26,
   "metadata": {},
   "outputs": [
    {
     "data": {
      "text/html": [
       "<div>\n",
       "<style scoped>\n",
       "    .dataframe tbody tr th:only-of-type {\n",
       "        vertical-align: middle;\n",
       "    }\n",
       "\n",
       "    .dataframe tbody tr th {\n",
       "        vertical-align: top;\n",
       "    }\n",
       "\n",
       "    .dataframe thead th {\n",
       "        text-align: right;\n",
       "    }\n",
       "</style>\n",
       "<table border=\"1\" class=\"dataframe\">\n",
       "  <thead>\n",
       "    <tr style=\"text-align: right;\">\n",
       "      <th></th>\n",
       "      <th>Temperature</th>\n",
       "      <th>RH</th>\n",
       "      <th>Ws</th>\n",
       "      <th>Rain</th>\n",
       "      <th>FFMC</th>\n",
       "      <th>DMC</th>\n",
       "      <th>DC</th>\n",
       "      <th>ISI</th>\n",
       "      <th>BUI</th>\n",
       "      <th>Classes</th>\n",
       "      <th>Region</th>\n",
       "    </tr>\n",
       "  </thead>\n",
       "  <tbody>\n",
       "    <tr>\n",
       "      <th>Temperature</th>\n",
       "      <td>1.000000</td>\n",
       "      <td>-0.656095</td>\n",
       "      <td>-0.305977</td>\n",
       "      <td>-0.317512</td>\n",
       "      <td>0.694768</td>\n",
       "      <td>0.498173</td>\n",
       "      <td>0.390684</td>\n",
       "      <td>0.629848</td>\n",
       "      <td>0.473609</td>\n",
       "      <td>0.542141</td>\n",
       "      <td>0.254549</td>\n",
       "    </tr>\n",
       "    <tr>\n",
       "      <th>RH</th>\n",
       "      <td>-0.656095</td>\n",
       "      <td>1.000000</td>\n",
       "      <td>0.225736</td>\n",
       "      <td>0.241656</td>\n",
       "      <td>-0.653023</td>\n",
       "      <td>-0.414601</td>\n",
       "      <td>-0.236078</td>\n",
       "      <td>-0.717804</td>\n",
       "      <td>-0.362317</td>\n",
       "      <td>-0.456876</td>\n",
       "      <td>-0.394665</td>\n",
       "    </tr>\n",
       "    <tr>\n",
       "      <th>Ws</th>\n",
       "      <td>-0.305977</td>\n",
       "      <td>0.225736</td>\n",
       "      <td>1.000000</td>\n",
       "      <td>0.251932</td>\n",
       "      <td>-0.190076</td>\n",
       "      <td>0.000379</td>\n",
       "      <td>0.096576</td>\n",
       "      <td>-0.023558</td>\n",
       "      <td>0.035633</td>\n",
       "      <td>-0.082570</td>\n",
       "      <td>-0.199969</td>\n",
       "    </tr>\n",
       "    <tr>\n",
       "      <th>Rain</th>\n",
       "      <td>-0.317512</td>\n",
       "      <td>0.241656</td>\n",
       "      <td>0.251932</td>\n",
       "      <td>1.000000</td>\n",
       "      <td>-0.545491</td>\n",
       "      <td>-0.289754</td>\n",
       "      <td>-0.302341</td>\n",
       "      <td>-0.345707</td>\n",
       "      <td>-0.300964</td>\n",
       "      <td>-0.369357</td>\n",
       "      <td>-0.059022</td>\n",
       "    </tr>\n",
       "    <tr>\n",
       "      <th>FFMC</th>\n",
       "      <td>0.694768</td>\n",
       "      <td>-0.653023</td>\n",
       "      <td>-0.190076</td>\n",
       "      <td>-0.545491</td>\n",
       "      <td>1.000000</td>\n",
       "      <td>0.620807</td>\n",
       "      <td>0.524101</td>\n",
       "      <td>0.750799</td>\n",
       "      <td>0.607210</td>\n",
       "      <td>0.781259</td>\n",
       "      <td>0.249514</td>\n",
       "    </tr>\n",
       "    <tr>\n",
       "      <th>DMC</th>\n",
       "      <td>0.498173</td>\n",
       "      <td>-0.414601</td>\n",
       "      <td>0.000379</td>\n",
       "      <td>-0.289754</td>\n",
       "      <td>0.620807</td>\n",
       "      <td>1.000000</td>\n",
       "      <td>0.868647</td>\n",
       "      <td>0.685656</td>\n",
       "      <td>0.983175</td>\n",
       "      <td>0.617273</td>\n",
       "      <td>0.212582</td>\n",
       "    </tr>\n",
       "    <tr>\n",
       "      <th>DC</th>\n",
       "      <td>0.390684</td>\n",
       "      <td>-0.236078</td>\n",
       "      <td>0.096576</td>\n",
       "      <td>-0.302341</td>\n",
       "      <td>0.524101</td>\n",
       "      <td>0.868647</td>\n",
       "      <td>1.000000</td>\n",
       "      <td>0.513701</td>\n",
       "      <td>0.942414</td>\n",
       "      <td>0.543581</td>\n",
       "      <td>-0.060838</td>\n",
       "    </tr>\n",
       "    <tr>\n",
       "      <th>ISI</th>\n",
       "      <td>0.629848</td>\n",
       "      <td>-0.717804</td>\n",
       "      <td>-0.023558</td>\n",
       "      <td>-0.345707</td>\n",
       "      <td>0.750799</td>\n",
       "      <td>0.685656</td>\n",
       "      <td>0.513701</td>\n",
       "      <td>1.000000</td>\n",
       "      <td>0.643818</td>\n",
       "      <td>0.742977</td>\n",
       "      <td>0.296441</td>\n",
       "    </tr>\n",
       "    <tr>\n",
       "      <th>BUI</th>\n",
       "      <td>0.473609</td>\n",
       "      <td>-0.362317</td>\n",
       "      <td>0.035633</td>\n",
       "      <td>-0.300964</td>\n",
       "      <td>0.607210</td>\n",
       "      <td>0.983175</td>\n",
       "      <td>0.942414</td>\n",
       "      <td>0.643818</td>\n",
       "      <td>1.000000</td>\n",
       "      <td>0.612239</td>\n",
       "      <td>0.114897</td>\n",
       "    </tr>\n",
       "    <tr>\n",
       "      <th>Classes</th>\n",
       "      <td>0.542141</td>\n",
       "      <td>-0.456876</td>\n",
       "      <td>-0.082570</td>\n",
       "      <td>-0.369357</td>\n",
       "      <td>0.781259</td>\n",
       "      <td>0.617273</td>\n",
       "      <td>0.543581</td>\n",
       "      <td>0.742977</td>\n",
       "      <td>0.612239</td>\n",
       "      <td>1.000000</td>\n",
       "      <td>0.188837</td>\n",
       "    </tr>\n",
       "    <tr>\n",
       "      <th>Region</th>\n",
       "      <td>0.254549</td>\n",
       "      <td>-0.394665</td>\n",
       "      <td>-0.199969</td>\n",
       "      <td>-0.059022</td>\n",
       "      <td>0.249514</td>\n",
       "      <td>0.212582</td>\n",
       "      <td>-0.060838</td>\n",
       "      <td>0.296441</td>\n",
       "      <td>0.114897</td>\n",
       "      <td>0.188837</td>\n",
       "      <td>1.000000</td>\n",
       "    </tr>\n",
       "  </tbody>\n",
       "</table>\n",
       "</div>"
      ],
      "text/plain": [
       "             Temperature        RH        Ws      Rain      FFMC       DMC  \\\n",
       "Temperature     1.000000 -0.656095 -0.305977 -0.317512  0.694768  0.498173   \n",
       "RH             -0.656095  1.000000  0.225736  0.241656 -0.653023 -0.414601   \n",
       "Ws             -0.305977  0.225736  1.000000  0.251932 -0.190076  0.000379   \n",
       "Rain           -0.317512  0.241656  0.251932  1.000000 -0.545491 -0.289754   \n",
       "FFMC            0.694768 -0.653023 -0.190076 -0.545491  1.000000  0.620807   \n",
       "DMC             0.498173 -0.414601  0.000379 -0.289754  0.620807  1.000000   \n",
       "DC              0.390684 -0.236078  0.096576 -0.302341  0.524101  0.868647   \n",
       "ISI             0.629848 -0.717804 -0.023558 -0.345707  0.750799  0.685656   \n",
       "BUI             0.473609 -0.362317  0.035633 -0.300964  0.607210  0.983175   \n",
       "Classes         0.542141 -0.456876 -0.082570 -0.369357  0.781259  0.617273   \n",
       "Region          0.254549 -0.394665 -0.199969 -0.059022  0.249514  0.212582   \n",
       "\n",
       "                   DC       ISI       BUI   Classes    Region  \n",
       "Temperature  0.390684  0.629848  0.473609  0.542141  0.254549  \n",
       "RH          -0.236078 -0.717804 -0.362317 -0.456876 -0.394665  \n",
       "Ws           0.096576 -0.023558  0.035633 -0.082570 -0.199969  \n",
       "Rain        -0.302341 -0.345707 -0.300964 -0.369357 -0.059022  \n",
       "FFMC         0.524101  0.750799  0.607210  0.781259  0.249514  \n",
       "DMC          0.868647  0.685656  0.983175  0.617273  0.212582  \n",
       "DC           1.000000  0.513701  0.942414  0.543581 -0.060838  \n",
       "ISI          0.513701  1.000000  0.643818  0.742977  0.296441  \n",
       "BUI          0.942414  0.643818  1.000000  0.612239  0.114897  \n",
       "Classes      0.543581  0.742977  0.612239  1.000000  0.188837  \n",
       "Region      -0.060838  0.296441  0.114897  0.188837  1.000000  "
      ]
     },
     "execution_count": 26,
     "metadata": {},
     "output_type": "execute_result"
    }
   ],
   "source": [
    "x_train.corr()"
   ]
  },
  {
   "cell_type": "code",
   "execution_count": 27,
   "metadata": {},
   "outputs": [],
   "source": [
    "def correlation(dataset, threshold):\n",
    "    col_corr = set()\n",
    "    corr_matrix = dataset.corr()\n",
    "    for i in range(len(corr_matrix.columns)):\n",
    "        for j in range(i):\n",
    "            print(abs(corr_matrix.iloc[i, j]))\n",
    "            if abs(corr_matrix.iloc[i, j]) > threshold:\n",
    "                colname = corr_matrix.columns[i]\n",
    "                col_corr.add(colname)\n",
    "    return col_corr\n"
   ]
  },
  {
   "cell_type": "code",
   "execution_count": 29,
   "metadata": {},
   "outputs": [
    {
     "name": "stdout",
     "output_type": "stream",
     "text": [
      "0.6560952065209624\n",
      "0.30597667466611456\n",
      "0.22573610166999994\n",
      "0.31751247421836215\n",
      "0.24165583923276368\n",
      "0.25193172257821067\n",
      "0.6947684187383468\n",
      "0.6530230237613415\n",
      "0.19007581851270658\n",
      "0.5454912337411976\n",
      "0.4981726049874546\n",
      "0.4146010743265655\n",
      "0.0003790727648654189\n",
      "0.2897539206397506\n",
      "0.6208074719864948\n",
      "0.3906835282526794\n",
      "0.23607825134534496\n",
      "0.09657592917857637\n",
      "0.302340561892003\n",
      "0.5241009027793008\n",
      "0.8686472047539086\n",
      "0.6298481159429918\n",
      "0.7178043847756409\n",
      "0.023557548465024735\n",
      "0.34570667352616263\n",
      "0.750798797781043\n",
      "0.6856555396443426\n",
      "0.5137007275435098\n",
      "0.4736093438255906\n",
      "0.3623172908447022\n",
      "0.03563271508216044\n",
      "0.3009639710245788\n",
      "0.6072097513090533\n",
      "0.9831752542959249\n",
      "0.9424144019919156\n",
      "0.6438182064577515\n",
      "0.5421411928126987\n",
      "0.45687568533535206\n",
      "0.0825701205045081\n",
      "0.36935650448596774\n",
      "0.7812587886131723\n",
      "0.6172725474030532\n",
      "0.5435814807073281\n",
      "0.7429770123068437\n",
      "0.612238913016882\n",
      "0.25454899588242585\n",
      "0.3946646265942969\n",
      "0.19996903810625502\n",
      "0.05902194613727764\n",
      "0.24951365647204235\n",
      "0.2125822631974853\n",
      "0.06083789082669046\n",
      "0.29644104610152616\n",
      "0.11489723573713899\n",
      "0.18883717643379352\n"
     ]
    }
   ],
   "source": [
    "co=correlation(x_train,0.85)"
   ]
  },
  {
   "cell_type": "code",
   "execution_count": null,
   "metadata": {},
   "outputs": [],
   "source": []
  }
 ],
 "metadata": {
  "kernelspec": {
   "display_name": "Python 3",
   "language": "python",
   "name": "python3"
  },
  "language_info": {
   "codemirror_mode": {
    "name": "ipython",
    "version": 3
   },
   "file_extension": ".py",
   "mimetype": "text/x-python",
   "name": "python",
   "nbconvert_exporter": "python",
   "pygments_lexer": "ipython3",
   "version": "3.11.3 (tags/v3.11.3:f3909b8, Apr  4 2023, 23:49:59) [MSC v.1934 64 bit (AMD64)]"
  },
  "orig_nbformat": 4,
  "vscode": {
   "interpreter": {
    "hash": "d1e76f36fd497ba09966a644cdb5ca2914f26d4c9a4ffe25cd98fef631710b92"
   }
  }
 },
 "nbformat": 4,
 "nbformat_minor": 2
}
